34
45
47
54
58
59
63
70
78
79
81
84
106
116
144
145
159
174
192
198
199
34
45
47
54
58
59
63
70
78
79
81
84
106
116
144
145
159
174
192
198
199
34
45
47
54
58
59
63
70
78
79
81
84
106
116
144
145
159
174
192
198
199
34
45
47
54
58
59
63
70
78
79
81
84
106
116
144
145
159
174
192
198
199
34
45
47
54
58
59
63
70
78
79
81
84
106
116
144
145
159
174
192
198
199
15
21
27
34
45
47
51
53
54
58
59
63
70
78
79
81
84
104
106
116
144
145
159
174
192
198
199
15
15
15
21
21
21
27
27
27
34
34
34
45
45
45
47
47
47
51
51
51
53
53
53
54
54
54
58
58
58
59
59
59
63
63
63
70
70
70
78
78
78
79
79
79
81
81
81
84
84
84
104
104
104
106
106
106
116
116
116
144
144
144
145
145
145
159
159
159
174
174
174
192
192
192
198
198
198
199
199
199
15
15
15
19
19
19
21
21
21
27
27
27
32
32
32
34
34
34
40
40
40
45
45
45
47
47
47
49
49
49
51
51
51
52
52
52
53
53
53
54
54
54
55
55
55
58
58
58
59
59
59
63
63
63
66
66
66
67
67
67
70
70
70
78
78
78
79
79
79
81
81
81
83
83
83
84
84
84
86
86
86
89
89
89
96
96
96
99
99
99
100
100
100
104
104
104
106
106
106
115
115
115
116
116
116
119
119
119
123
123
123
125
125
125
130
130
130
132
132
132
136
136
136
144
144
144
145
145
145
150
150
150
152
152
152
155
155
155
156
156
156
159
159
159
170
170
170
171
171
171
172
172
172
173
173
173
174
174
174
177
177
177
192
192
192
198
198
198
199
199
199
15
15
15
19
19
19
21
21
21
27
27
27
32
32
32
34
34
34
40
40
40
45
45
45
47
47
47
49
49
49
51
51
51
52
52
52
53
53
53
54
54
54
55
55
55
58
58
58
59
59
59
63
63
63
66
66
66
67
67
67
70
70
70
78
78
78
79
79
79
81
81
81
83
83
83
84
84
84
86
86
86
89
89
89
96
96
96
99
99
99
100
100
100
104
104
104
106
106
106
115
115
115
116
116
116
119
119
119
123
123
123
125
125
125
130
130
130
132
132
132
136
136
136
144
144
144
145
145
145
150
150
150
152
152
152
155
155
155
156
156
156
159
159
159
170
170
170
171
171
171
172
172
172
173
173
173
174
174
174
177
177
177
192
192
192
198
198
198
199
199
199
15
19
21
27
32
34
40
45
47
49
51
52
53
54
55
58
59
63
66
67
70
78
79
81
83
84
86
89
96
99
100
104
106
115
116
119
123
125
130
132
136
144
145
150
152
155
156
159
170
171
172
173
174
177
192
198
199
